1
2
3
4
5
6
7
8
9
10
1
3
6
10
15
20
28
36
45
55
1
4
10
20
35
55
84
120
165
219
1
5
15
35
70
126
210
330
495
714
1
6
20
55
126
251
462
792
1287
2001
1
7
28
84
210
462
924
1715
3003
5005
1
8
36
120
330
792
1715
3431
6434
11440
1
9
45
165
495
1287
3003
6434
12870
24309
1
10
55
219
714
2001
5005
11440
24310
48620
1
11
66
286
1001
3003
8007
19448
43758
92378
92378
184756
352716
646646
1144065
1961255
3268759
5311735
8436285
13123110
20030010
167959
352716
705432
1352077
2496144
4457400
7726160
13037895
21474179
34597290
54627299
293930
646646
1352078
2704155
5200300
9657700
17383859
30421754
51895935
86493225
141120525
497420
1144065
2496144
5200299
10400599
20058300
37442160
67863914
119759849
206253075
347373600
817189
1961256
4457400
9657700
20058300
40116600
77558760
145422675
265182525
471435600
818809200
1307504
3268759
7726160
17383859
37442160
77558760
155117520
300540194
565722719
37158313
855967512
2042975
5311734
13037895
30421754
67863915
145422675
300540195
601080390
166803103
203961415
59928922
3124549
8436284
21474179
51895935
119759849
265182525
565722719
166803103
333606206
537567622
597496544
4686824
13123110
34597290
86493225
206253075
471435600
37158313
203961416
537567622
75135237
672631781
6906899
